0 0 0 0 0 0 0 0 0 0 0 8 0 0 0 0 0 0 0 0 0 0 8 0 0 0 0 0 0 0
0 0 0 0 0 0 0 0 0 9 0 6 0 0 5 0 0 2 0 0 0 0 0 0 7 0 10 0 5 0
5 3 0 10 0 0 4 2 0 9 0 7 3 0 0 6 0 6 7 8 0 0 0 6 0 9 0 0 8 7
0 3 7 0 6 10 0 0 5 0 0 0 0 8 4 0 7 5 2 6 0 4 7 0 0 0 0 5 0 0
0 0 3 0 0 0 0 0 0 0 0 0 0 0 0 0 0 0 0 9 0 10 0 9 0 3 0 0 0 0
0 0 9 0 0 0 5 0 4 9 0 8 0 0 0 10 5 0 0 0 3 10 6 6 0 0 10 4 0 0
0 2 0 6 0 0 0 0 0 0 0 2 0 3 0 0 0 0 0 7 8 0 8 4 6 3 10 0 0 0
6 0 8 0 0 0 5 0 10 8 9 0 9 2 10 0 0 10 0 0 0 0 9 0 4 0 0 9 7 6
0 0 2 0 4 0 10 4 0 0 4 2 4 0 8 9 0 0 0 4 0 0 6 3 8 0 5 0 5 5
0 0 0 0 0 0 0 0 0 0 0 4 0 0 0 0 0 0 0 0 0 0 0 0 0 0 8 0 0 0
0 0 3 3 0 0 9 0 10 0 0 0 0 0 0 5 0 0 0 4 3 0 5 8 0 0 4 6 0 9
5 0 8 0 10 5 0 9 0 10 4 0 6 7 0 2 10 4 0 0 10 0 0 0 3 0 7 9 4 0
0 0 0 0 0 0 0 0 6 0 0 5 0 0 0 0 0 0 0 0 0 0 0 2 0 0 0 0 0 0
5 7 0 0 0 0 0 0 7 0 0 0 0 0 8 0 0 0 0 0 0 0 0 0 0 0 0 0 0 0
0 6 0 0 0 0 0 0 10 0 0 0 2 0 0 0 0 3 0 0 0 0 0 2 0 0 0 8 0 0
7 5 10 0 5 0 4 0 3 3 8 0 0 0 8 0 0 5 0 0 0 7 0 3 0 8 6 0 10 10
0 0 0 4 0 0 0 0 0 0 0 0 0 0 0 3 0 0 0 0 0 0 0 0 0 0 0 0 0 0
0 0 0 4 0 5 0 0 8 6 0 6 2 10 0 5 3 0 8 2 9 5 6 9 0 0 0 0 5 4
0 0 9 0 0 0 0 0 0 0 0 0 0 0 0 0 0 0 0 2 0 0 0 0 3 0 0 0 0 0
2 0 0 0 7 7 0 0 0 0 4 0 0 0 7 0 0 0 0 0 5 0 10 3 0 0 5 0 6 0
0 0 0 0 0 0 0 0 0 0 9 0 0 0 0 0 0 0 4 0 0 0 0 0 0 0 6 0 0 2
0 0 0 0 5 0 6 3 10 3 0 6 2 0 3 9 0 2 0 0 0 0 6 0 0 0 10 9 0 0
8 0 0 0 0 3 0 0 0 6 3 0 0 0 4 0 0 0 5 6 0 0 0 0 7 0 0 2 10 6
0 0 3 0 3 0 0 0 0 2 0 0 8 0 8 0 0 0 0 0 0 0 0 0 0 0 9 9 0 0
0 0 0 7 2 0 3 0 8 10 0 4 0 5 0 10 0 0 4 0 10 0 5 3 0 0 0 8 0 2
0 0 9 0 0 0 0 0 8 0 7 0 0 7 0 0 6 0 0 0 0 0 0 0 0 0 0 0 0 8
0 0 0 0 0 0 0 4 3 5 0 7 0 0 0 0 0 0 0 0 4 3 0 0 0 0 0 10 3 0
0 0 0 9 0 0 0 0 0 0 8 0 5 6 0 0 9 0 0 0 4 0 0 0 0 0 0 0 0 4
0 8 7 0 0 9 0 10 10 2 0 0 0 0 10 3 10 6 6 0 9 10 0 6 0 0 0 4 0 0
0 0 0 0 0 0 0 0 7 0 0 0 0 0 0 3 10 0 0 0 0 7 0 0 6 0 0 0 9 0
3 2
